75444259 701720 1568097 12350677 10593143 2235417 1018 55671 218224 42262 31449 120103 238582 68815 163045 227411 60367 43103 630584 168499 39159 9948 328353 30069 106684 132007 34539 80844 49078 41665 155055 27466 796 68870 27879
701720 15160 22227 102598 106053 24739 4 373 2140 473 616 865 2158 535 1845 1724 448 493 4942 1896 314 72 2899 254 959 1476 278 485 540 338 1037 185 6 519 235
1568097 22227 75886 253492 271023 60242 30 1514 4956 817 1184 2021 4706 1537 3448 4828 1277 1379 11913 2916 1009 196 6931 589 2008 3111 762 1372 1202 742 2832 530 12 1150 597
12350677 102598 253492 8867478 6999531 1210763 745 19039 75629 11026 7148 46815 71166 27803 53563 64103 28708 21129 138421 38459 18948 3556 100779 9173 33436 40340 12547 26866 19744 18672 56330 8978 165 24617 11726
10593143 106053 271023 6999531 12935880 1163387 1658 19154 69691 8593 7465 35426 53422 26373 44867 45316 19845 21732 105703 27714 15800 3037 98031 9032 30350 29321 16128 18057 19879 15381 42132 8315 149 18176 13723
2235417 24739 60242 1210763 1163387 209949 127 3151 11476 1629 1482 5699 10054 4035 8144 8891 3367 3727 20881 5554 2737 572 15941 1533 5017 5838 1823 3366 3202 2340 7045 1509 30 3078 1744
1018 4 30 745 1658 127 22 4 8 0 1 1 7 4 7 2 1 10 9 1 4 1 12 0 2 0 1 1 4 0 7 0 0 1 0
55671 373 1514 19039 19154 3151 4 1080 257 16 34 87 260 174 258 159 39 267 497 81 201 5 484 21 109 101 23 58 136 26 86 25 2 38 51
218224 2140 4956 75629 69691 11476 8 257 3505 186 407 637 936 482 642 838 389 223 2029 578 245 54 1744 152 459 473 163 356 232 220 971 149 3 350 207
42262 473 817 11026 8593 1629 0 16 186 626 13 91 193 50 132 143 38 24 388 140 25 7 238 15 75 98 16 54 23 39 114 7 0 49 22
31449 616 1184 7148 7465 1482 1 34 407 13 727 56 101 55 84 82 23 33 189 55 30 4 147 12 42 78 8 25 21 17 63 15 2 40 20
120103 865 2021 46815 35426 5699 1 87 637 91 56 1607 677 182 313 540 233 72 1239 335 76 27 885 53 257 308 88 235 90 311 613 61 0 374 82
238582 2158 4706 71166 53422 10054 7 260 936 193 101 677 3743 268 769 895 260 237 2290 594 207 40 1382 131 413 612 135 398 242 270 663 126 3 308 139
68815 535 1537 27803 26373 4035 4 174 482 50 55 182 268 1141 202 260 105 86 605 169 209 35 646 64 143 161 43 96 69 78 257 54 2 116 74
163045 1845 3448 53563 44867 8144 7 258 642 132 84 313 769 202 2780 596 196 265 1578 503 160 35 988 76 391 446 129 177 173 104 356 78 2 190 97
227411 1724 4828 64103 45316 8891 2 159 838 143 82 540 895 260 596 3436 305 125 2600 557 194 29 1207 101 362 816 161 331 204 195 711 100 0 264 97
60367 448 1277 28708 19845 3367 1 39 389 38 23 233 260 105 196 305 912 46 743 177 75 5 473 22 125 259 45 179 63 74 451 21 0 100 37
43103 493 1379 21129 21732 3727 10 267 223 24 33 72 237 86 265 125 46 1042 316 68 134 6 376 14 107 94 26 37 189 33 75 8 0 24 36
630584 4942 11913 138421 105703 20881 9 497 2029 388 189 1239 2290 605 1578 2600 743 316 9246 1527 374 77 3147 248 982 1475 362 870 449 419 1715 239 7 690 222
168499 1896 2916 38459 27714 5554 1 81 578 140 55 335 594 169 503 557 177 68 1527 2470 80 28 848 64 306 386 79 161 133 122 428 50 3 213 79
39159 314 1009 18948 15800 2737 4 201 245 25 30 76 207 209 160 194 75 134 374 80 707 6 362 18 81 114 19 39 80 43 120 23 2 48 36
9948 72 196 3556 3037 572 1 5 54 7 4 27 40 35 35 29 5 6 77 28 6 149 68 6 7 16 5 6 6 12 33 8 0 13 13
328353 2899 6931 100779 98031 15941 12 484 1744 238 147 885 1382 646 988 1207 473 376 3147 848 362 68 5201 219 749 672 246 454 370 346 1119 190 9 432 308
30069 254 589 9173 9032 1533 0 21 152 15 12 53 131 64 76 101 22 14 248 64 18 6 219 461 35 40 16 28 12 45 68 64 0 22 36
106684 959 2008 33436 30350 5017 2 109 459 75 42 257 413 143 391 362 125 107 982 306 81 7 749 35 1630 200 147 129 181 85 303 48 1 123 76
132007 1476 3111 40340 29321 5838 0 101 473 98 78 308 612 161 446 816 259 94 1475 386 114 16 672 40 200 2363 66 124 138 130 348 46 3 121 42
34539 278 762 12547 16128 1823 1 23 163 16 8 88 135 43 129 161 45 26 362 79 19 5 246 16 147 66 555 58 40 27 98 12 0 46 30
80844 485 1372 26866 18057 3366 1 58 356 54 25 235 398 96 177 331 179 37 870 161 39 6 454 28 129 124 58 1112 48 86 366 30 0 146 40
49078 540 1202 19744 19879 3202 4 136 232 23 21 90 242 69 173 204 63 189 449 133 80 6 370 12 181 138 40 48 936 34 131 20 0 44 31
41665 338 742 18672 15381 2340 0 26 220 39 17 311 270 78 104 195 74 33 419 122 43 12 346 45 85 130 27 86 34 592 183 28 0 189 39
155055 1037 2832 56330 42132 7045 7 86 971 114 63 613 663 257 356 711 451 75 1715 428 120 33 1119 68 303 348 98 366 131 183 2105 65 0 267 94
27466 185 530 8978 8315 1509 0 25 149 7 15 61 126 54 78 100 21 8 239 50 23 8 190 64 48 46 12 30 20 28 65 407 1 41 25
796 6 12 165 149 30 0 2 3 0 2 0 3 2 2 0 0 0 7 3 2 0 9 0 1 3 0 0 0 0 0 1 12 1 0
68870 519 1150 24617 18176 3078 1 38 350 49 40 374 308 116 190 264 100 24 690 213 48 13 432 22 123 121 46 146 44 189 267 41 1 926 40
27879 235 597 11726 13723 1744 0 51 207 22 20 82 139 74 97 97 37 36 222 79 36 13 308 36 76 42 30 40 31 39 94 25 0 40 434
